// Optimal
w0 = -0.46404948503766014
w1 = 0.12219611789369066
w2 = -0.3789084993193866
w3 = 1.5886912337501886
w4 = -0.35647637386190606
w5 = -0.30687042423055455
w6 = 1.0



w0 = -0.065491
w1 = 0.423607
w2 = -0.365195
w3 = -0.017763
w4 = -0.038857
w5 = -0.025800
w6 = 0.314742

// Train first, then simulate
w0 = -0.043606
w1 = 0.429567
w2 = -0.370099
w3 = -0.017947
w4 = -0.039564
w5 = -0.026306
w6 = 0.274246

// Simulate first, then train
w0 = -0.537699
w1 = -0.025055
w2 = -0.292842
w3 = 1.289685
w4 = -0.252367
w5 = -0.221150
w6 = 1.003676