w0 = 1.027807
w1 = 0.958705
w2 = 0.926934
w3 = 0.982795
w4 = 0.906405
w5 = 0.952450
w6 = 1.000000
