w0 = -0.537699
w1 = -0.025055
w2 = -0.292842
w3 = 1.289685
w4 = -0.252367
w5 = -0.221150
w6 = 1.003676
