w0 = -0.537363
w1 = -0.049895
w2 = -0.288083
w3 = 1.267855
w4 = -0.262461
w5 = -0.220223
w6 = 1.003676
