w0 = -0.539878
w1 = -0.034825
w2 = -0.293435
w3 = 1.281297
w4 = -0.256416
w5 = -0.221957
w6 = 1.003676
