w0 = -0.533571
w1 = -0.028051
w2 = -0.287194
w3 = 1.290082
w4 = -0.245122
w5 = -0.222746
w6 = 1.003676
