w0 = -0.465766
w1 = 0.222794
w2 = -0.291086
w3 = 1.068095
w4 = -0.339939
w5 = -0.204038
w6 = 1.000000
